1.915,1.726,2.472,4.602,1.201,3.545,2.447,2.629,1.551,0.593,2.695,0.344,4.656,0.535,4.180,2.025,2.563,0.079,4.439,4.088,0.740,3.418,1.030,0.394,0.977,3.132,4.556,3.696,0.571,3.514,2.545,1.525,1.473,2.815,0.786,1.702,4.425,4.763,3.139,3.174,4.128,4.351,0.297,4.875,1.420,3.243,3.793,2.177,3.989,0.573,2.824,4.996,3.613,3.584,4.893,0.327,4.444,0.316,3.575,4.948,3.388,2.171,4.068,0.171,1.161,3.447,2.949,4.314,3.265,3.161,0.644,3.896,1.327,4.336,3.233,0.924,4.709,4.875,1.370,4.784,1.977,3.365,2.588,4.249,3.010,4.339,4.142,1.487,2.118,2.455,1.057,1.359,2.440,2.073,1.612,1.666,3.298,3.463,4.460,
2.066,2.257,2.783,0.345,3.298,3.144,4.616,4.171,4.212,3.531,1.673,1.173,4.662,0.838,4.753,1.903,0.669,3.127,4.856,0.539,4.804,1.481,3.742,0.212,1.041,1.803,4.257,3.628,3.249,3.233,3.943,2.185,0.742,4.368,4.344,4.412,2.596,3.289,2.626,4.619,2.468,2.993,3.709,2.779,0.064,0.559,3.355,3.040,3.175,4.794,4.822,0.792,1.206,3.110,0.812,4.238,4.078,3.414,3.701,3.775,3.593,2.905,0.991,2.056,0.591,3.371,2.044,4.513,2.504,1.248,0.799,3.481,0.178,4.223,1.499,3.932,0.329,4.203,1.650,3.186,0.887,2.416,4.817,3.277,1.406,4.763,4.528,2.571,0.253,4.951,4.017,1.018,2.484,1.850,2.601,0.418,1.866,1.113,
1.048,2.943,3.604,0.344,1.528,2.843,1.385,3.573,4.584,3.676,0.150,4.260,0.824,0.339,4.255,4.745,4.695,1.201,0.731,2.354,1.747,1.943,1.458,0.500,2.883,0.274,1.971,3.193,1.918,3.994,2.238,0.753,4.366,1.623,0.761,1.098,4.863,1.425,1.255,2.884,1.437,4.361,2.375,4.904,1.676,2.589,1.849,2.023,3.119,3.950,3.928,3.529,0.810,1.742,4.548,4.105,0.558,4.687,2.670,3.998,1.750,4.180,0.712,4.193,2.186,0.213,1.469,4.716,3.094,2.333,1.123,0.788,1.616,1.584,2.074,0.088,2.832,0.732,2.784,2.714,4.384,0.053,1.860,4.243,1.428,0.183,1.731,4.925,4.718,2.079,1.844,4.536,0.169,1.420,1.529,1.519,2.988,
4.768,1.475,2.916,3.268,2.832,0.755,0.504,0.337,2.801,0.518,2.086,4.885,1.622,0.184,1.095,0.840,4.002,0.282,0.564,2.028,0.942,4.107,1.852,3.263,3.709,0.203,0.307,4.112,0.805,3.430,1.402,4.819,0.662,4.724,2.884,1.139,2.963,4.339,0.834,2.191,1.351,4.641,4.139,0.614,0.128,2.200,4.699,1.504,3.733,0.249,1.114,1.949,2.167,2.260,3.832,1.703,4.953,0.507,0.307,2.607,3.051,2.349,3.934,0.916,0.469,0.496,1.249,3.126,4.750,4.195,4.020,3.913,1.385,0.188,0.454,0.706,0.429,1.600,3.663,0.149,2.216,1.621,3.962,1.538,0.309,0.863,3.950,1.664,1.095,1.652,0.709,3.567,4.656,4.843,4.321,4.693,
4.100,0.100,4.109,2.196,4.298,0.134,2.451,0.365,1.478,1.399,1.398,4.520,2.941,0.000,4.820,0.918,2.029,0.022,4.780,0.649,4.261,4.772,3.291,2.089,0.780,1.142,4.652,3.578,4.419,2.117,2.460,4.355,3.797,0.341,2.692,3.637,4.882,4.643,2.336,3.965,1.908,3.299,3.878,0.250,1.216,1.119,0.946,3.605,4.587,2.056,0.812,2.963,1.231,0.988,4.366,0.253,4.185,2.645,2.153,0.830,4.487,0.619,1.139,0.961,1.280,1.811,4.635,0.227,4.527,4.714,3.737,2.747,4.087,0.950,0.716,3.733,2.901,4.263,3.592,3.336,0.801,2.567,4.825,1.643,1.847,3.614,2.059,0.272,3.679,0.728,3.813,4.349,1.918,2.154,1.228,
4.469,2.460,3.548,4.308,0.238,3.644,1.505,0.924,4.626,0.549,2.754,4.493,4.883,4.087,3.682,0.488,3.516,4.149,1.830,2.016,3.783,0.210,0.016,1.492,0.141,1.076,4.514,2.773,0.883,1.338,4.996,3.512,4.102,1.963,4.135,1.971,3.438,4.457,0.679,0.304,1.327,2.815,2.020,3.823,3.247,2.988,1.550,1.258,4.178,4.607,2.666,1.158,4.279,2.227,1.253,2.799,3.171,4.146,2.472,3.356,4.620,3.166,0.116,2.630,2.033,3.758,2.893,1.355,0.669,3.798,1.401,4.307,2.287,4.357,0.563,0.640,3.814,3.043,0.204,3.836,3.347,0.575,3.421,2.668,0.827,1.445,4.214,0.312,3.020,3.031,0.328,0.959,3.021,4.705,
2.153,2.887,2.069,2.821,3.277,1.784,4.901,4.639,4.629,3.852,4.255,1.887,1.885,4.590,1.009,2.832,4.242,4.138,1.638,2.854,1.536,1.575,0.205,4.421,4.674,0.668,1.549,3.029,2.079,4.591,2.259,0.964,0.307,4.772,3.766,0.819,2.632,2.157,4.202,4.614,2.330,1.575,3.557,1.505,2.775,0.490,1.557,3.557,1.690,0.787,4.940,1.266,3.599,1.134,3.533,3.303,0.459,2.176,1.527,1.470,1.198,4.891,0.907,0.907,2.513,0.085,1.190,0.890,2.520,4.305,2.520,2.106,1.888,2.259,3.191,1.861,3.856,1.820,2.013,3.185,1.639,2.332,4.561,0.706,4.928,4.448,3.216,0.595,2.066,4.370,2.461,3.082,4.268,
0.131,3.124,4.936,0.806,0.797,1.285,4.832,4.052,2.167,2.047,3.698,3.741,1.842,3.068,3.037,1.209,2.594,0.872,4.704,4.909,0.322,0.183,3.637,0.862,0.652,4.985,4.811,1.519,4.442,3.596,4.884,4.723,2.905,2.392,3.903,3.540,3.264,3.910,0.111,1.612,0.897,3.499,4.542,0.075,0.183,0.827,3.104,4.647,3.842,1.879,2.597,2.609,1.630,2.148,3.810,1.018,4.349,0.400,3.766,4.062,4.678,2.418,4.375,3.034,0.227,1.489,0.304,1.231,4.319,2.771,1.207,0.478,1.575,4.710,0.403,4.904,0.458,3.308,0.677,2.739,4.270,1.403,1.208,0.098,0.829,4.227,1.188,4.724,2.365,1.903,2.732,4.590,
3.657,4.251,1.315,1.038,1.608,4.065,3.823,2.839,0.939,1.008,3.395,2.205,2.688,1.415,2.638,1.338,4.296,3.583,2.085,1.331,1.396,1.171,4.446,1.549,1.658,0.743,4.986,3.511,4.802,4.688,4.250,2.320,3.758,4.423,0.305,2.417,4.200,1.255,4.278,4.821,4.734,3.091,3.170,1.542,2.519,4.692,4.142,2.724,3.447,3.986,2.817,0.634,0.217,3.635,4.454,4.418,3.422,4.842,3.163,4.808,0.405,0.355,3.224,0.162,4.729,3.437,1.157,0.826,3.662,3.946,0.326,4.088,1.921,1.750,0.522,1.852,3.057,2.012,3.289,2.777,4.712,2.089,2.269,4.743,1.040,0.155,2.541,1.187,4.275,2.690,1.911,
0.366,0.722,2.863,4.184,4.649,1.110,3.767,1.279,0.674,2.482,0.379,1.565,0.177,3.720,0.110,0.334,1.152,4.196,0.766,0.682,4.938,3.506,0.434,0.811,3.871,4.774,1.306,0.806,1.861,2.675,4.925,4.113,4.718,2.100,4.133,2.022,4.945,3.764,3.811,1.880,3.028,4.163,2.285,1.706,0.570,3.826,0.374,3.122,1.110,1.224,3.623,4.729,1.157,1.524,1.078,3.180,2.612,4.077,4.563,0.731,4.910,4.579,1.267,2.940,1.677,2.472,1.909,4.877,4.931,1.139,4.892,4.704,3.668,4.046,3.278,3.491,1.415,2.677,2.965,2.157,3.028,2.348,4.504,3.635,3.032,2.185,2.262,3.756,4.919,2.668,
0.771,2.270,4.083,3.542,0.889,0.629,4.301,1.835,0.746,3.399,4.593,0.804,4.739,0.152,2.941,0.762,0.254,2.758,0.061,1.947,4.665,1.334,1.030,1.825,4.338,0.279,2.868,4.042,4.451,0.752,3.001,3.829,4.240,3.303,1.548,3.324,1.769,3.568,0.046,0.229,4.316,3.421,3.766,3.996,3.398,4.805,3.035,1.372,0.722,3.805,0.467,2.725,3.386,4.085,2.100,2.102,1.616,4.495,2.653,1.384,0.169,4.360,4.555,3.784,0.288,2.457,1.280,1.676,2.618,0.431,4.161,3.030,3.669,1.644,3.765,2.603,4.075,2.025,1.185,4.658,0.884,1.626,2.192,4.706,3.143,4.223,2.005,0.043,4.386,
1.741,1.555,2.496,0.554,4.569,0.635,2.467,3.316,3.093,3.656,4.852,2.571,0.558,4.255,4.491,0.142,4.929,2.374,1.038,0.617,2.897,1.478,3.866,0.963,4.671,3.188,4.921,0.320,4.807,3.770,4.976,1.408,4.229,4.034,4.643,1.748,4.296,1.914,2.210,0.732,3.671,0.871,2.510,4.840,4.378,2.926,0.675,1.166,0.705,1.703,3.674,1.457,4.739,1.081,2.483,1.221,1.478,1.330,0.030,2.917,4.296,4.221,4.330,0.078,2.832,0.983,4.259,2.970,2.081,2.376,2.820,0.170,2.601,3.221,4.975,2.446,1.483,0.042,2.334,0.140,0.010,1.109,4.055,3.825,4.595,2.000,2.998,3.028,
0.764,1.508,2.560,3.684,4.658,0.697,0.856,4.908,1.460,1.505,3.194,4.722,3.324,4.608,3.231,1.623,3.609,0.434,3.286,1.222,3.960,0.729,1.408,4.268,2.206,2.589,0.835,4.554,1.788,1.641,4.001,1.028,0.009,3.867,4.424,3.161,3.173,2.511,3.117,2.354,2.165,2.009,1.385,2.067,0.299,0.594,1.782,4.372,3.790,3.383,1.618,0.704,3.272,1.610,2.139,3.869,3.807,0.786,4.423,0.987,3.763,4.265,3.839,3.651,2.302,0.564,1.543,2.831,0.451,3.734,3.711,3.309,0.569,4.243,0.242,3.951,2.015,1.697,3.001,2.580,2.994,4.317,3.283,3.715,4.663,0.765,0.815,
1.572,4.825,1.240,4.677,4.754,4.471,1.161,1.747,4.277,4.270,2.155,3.888,1.452,3.227,3.639,1.865,4.158,2.159,1.957,2.993,1.590,2.035,1.087,0.337,1.635,2.908,3.681,0.072,1.984,2.185,0.147,1.264,4.530,1.848,3.353,3.926,2.213,2.503,0.150,0.096,2.233,2.961,3.314,4.547,1.219,1.236,4.425,0.189,4.597,1.422,2.841,0.355,2.913,0.495,4.976,2.091,4.196,2.639,3.475,1.930,2.253,3.083,4.008,0.474,4.024,3.193,4.064,1.206,1.141,4.213,1.310,4.569,0.923,1.367,2.989,1.513,2.862,0.204,2.865,4.755,0.391,2.077,1.118,3.794,0.280,0.358,
0.972,4.649,2.501,4.693,3.390,4.575,2.201,0.545,4.365,1.919,3.603,4.231,1.205,1.976,2.233,2.534,2.065,3.588,0.366,2.545,4.370,3.846,2.182,3.548,2.489,0.054,1.677,0.182,3.258,3.849,4.944,2.450,4.819,3.902,1.965,1.129,1.537,0.385,0.446,3.790,4.257,4.069,2.290,1.177,0.721,1.801,0.331,1.319,3.023,3.101,3.435,3.565,0.919,4.442,2.321,1.744,3.314,0.849,1.931,2.715,0.905,3.867,2.726,1.368,4.095,4.813,1.819,1.749,1.112,3.227,2.814,3.497,1.495,4.286,0.529,4.953,0.523,4.774,1.943,3.267,1.710,4.621,4.578,1.898,4.461,
3.499,4.415,0.044,4.914,1.651,1.671,3.008,3.062,1.245,3.570,3.998,1.155,2.040,1.445,4.888,0.709,3.983,1.182,1.980,2.837,1.371,0.126,4.415,4.154,3.027,1.592,4.662,1.659,3.408,3.086,2.305,4.409,3.103,4.336,1.735,0.310,0.499,2.669,3.674,2.555,1.361,1.022,2.939,0.309,1.213,2.482,1.711,2.314,1.362,2.106,4.737,4.121,4.268,4.884,4.529,4.648,0.173,3.794,4.580,3.349,0.686,2.121,1.265,0.687,0.368,3.404,4.658,0.338,1.300,0.283,2.048,3.518,2.568,4.605,1.867,2.141,3.434,2.558,1.392,0.043,3.023,3.042,1.871,0.071,
4.555,3.227,3.829,3.050,2.747,4.881,1.880,3.759,4.283,4.511,3.755,2.581,4.229,0.238,2.510,3.280,0.428,3.162,4.759,0.131,4.007,2.527,1.606,1.019,1.729,3.816,3.967,1.146,0.542,1.765,3.997,4.217,4.598,0.971,3.677,2.756,1.326,0.932,2.246,1.405,4.512,3.487,4.674,4.349,4.256,0.483,1.111,2.293,3.671,0.484,3.044,2.058,2.332,2.228,4.750,1.701,3.837,0.456,3.837,1.495,1.180,4.275,1.961,1.886,2.469,0.514,3.033,1.977,0.025,3.416,3.234,4.476,0.653,1.145,4.470,2.850,1.542,4.101,3.039,0.458,1.198,1.237,0.349,
0.468,2.851,2.272,2.865,1.394,0.369,0.681,1.661,2.643,4.402,4.279,4.645,0.102,3.932,3.514,4.564,0.970,4.953,0.063,1.569,2.210,0.126,1.623,0.599,2.945,0.898,1.264,2.115,1.717,2.295,2.296,0.296,0.517,2.063,0.743,2.780,0.012,1.622,3.240,0.911,0.329,4.410,2.604,1.511,4.560,3.036,4.928,2.886,3.091,1.601,0.823,3.619,1.421,3.286,3.940,3.183,1.262,1.631,3.346,3.164,1.541,3.242,0.866,3.472,3.330,3.641,4.978,4.965,4.960,3.873,4.864,1.505,0.796,1.931,3.750,2.895,3.783,3.943,0.731,2.428,4.752,4.948,
4.923,3.880,3.807,4.934,0.085,4.822,3.497,1.171,0.178,0.541,3.845,3.010,0.282,3.995,1.051,0.858,2.198,0.896,1.641,3.295,3.542,1.501,1.824,2.472,3.208,3.870,3.181,2.277,1.079,1.782,1.453,2.987,4.868,2.255,0.288,1.562,1.267,1.908,2.817,0.534,3.956,2.850,2.261,2.772,2.508,0.423,2.751,1.144,2.981,4.141,2.355,1.055,3.719,2.528,0.378,3.840,1.562,1.236,3.558,1.552,2.841,4.838,4.647,1.324,4.516,1.221,2.374,1.531,1.080,1.089,3.308,4.348,1.097,0.776,0.416,2.495,0.989,0.757,2.898,0.802,0.195,
0.277,0.367,4.492,1.201,2.375,2.818,4.180,1.040,4.068,0.661,2.854,2.512,4.618,1.131,3.085,4.214,3.105,4.099,4.266,0.958,2.588,0.885,3.835,0.975,2.436,2.027,0.306,4.865,0.113,1.724,2.277,4.180,1.779,1.612,3.720,3.355,2.376,4.531,2.898,3.709,0.140,1.135,0.276,0.118,2.465,0.123,0.535,4.575,3.397,3.980,4.243,2.950,4.972,1.902,4.954,1.555,3.800,1.694,2.909,4.590,1.478,2.586,3.718,1.882,3.551,2.163,0.910,3.160,2.105,0.166,1.058,4.084,2.510,2.449,0.899,2.954,4.048,2.109,0.365,1.242,
0.495,2.726,2.143,1.090,4.355,2.883,0.671,0.706,4.980,3.654,2.791,2.882,0.996,2.268,1.486,0.795,3.896,0.770,3.265,3.390,0.073,0.270,0.188,3.334,0.082,0.098,2.281,0.752,2.559,4.958,3.990,2.266,4.591,2.875,3.569,4.660,0.453,3.792,1.891,0.763,4.119,1.743,4.634,2.151,4.651,4.970,2.526,4.978,3.124,4.310,0.938,1.038,2.270,4.656,3.055,1.005,2.419,1.950,3.265,1.402,4.724,1.280,3.762,4.675,1.573,0.939,4.361,1.645,4.400,1.797,0.367,2.236,3.765,2.218,0.234,3.170,2.462,4.306,0.046,
2.570,0.020,4.812,4.477,1.589,1.344,2.717,1.491,2.769,0.545,1.366,0.438,1.599,3.927,1.538,0.569,1.640,3.515,2.912,2.105,3.188,4.652,3.548,1.382,4.287,4.644,3.732,3.757,2.922,3.000,3.492,2.384,4.863,2.022,4.920,1.368,2.164,4.189,3.242,1.269,0.133,1.121,0.528,1.359,0.189,1.053,2.797,2.213,1.467,0.564,1.473,2.096,3.280,4.730,4.847,4.206,2.995,1.149,1.340,4.195,2.027,1.039,3.788,4.038,3.233,0.123,0.146,0.108,1.959,2.619,1.341,4.750,0.425,3.831,2.958,1.167,3.722,2.350,
3.788,1.160,2.766,2.290,0.527,2.355,1.847,1.948,1.148,4.609,4.503,4.941,3.970,3.078,1.346,1.086,1.941,1.227,0.537,4.794,4.299,3.263,4.708,2.403,3.143,4.418,0.413,2.725,4.178,4.000,4.315,4.650,2.683,1.547,3.528,4.379,1.218,4.672,0.744,4.879,1.013,1.995,4.519,4.565,4.661,2.810,4.006,2.310,2.080,2.735,4.271,2.387,1.629,0.861,2.813,1.154,3.225,3.932,2.264,0.272,0.814,4.352,2.411,2.046,0.965,3.253,1.066,3.997,2.610,2.877,1.544,2.878,2.939,4.895,2.718,0.528,1.230,
1.503,3.110,4.621,3.290,0.468,0.995,4.865,0.562,4.729,3.847,2.037,2.085,0.765,1.192,4.581,4.262,2.256,4.765,3.089,1.491,0.340,0.848,1.577,3.616,0.450,1.768,3.810,0.174,4.380,4.533,4.442,1.030,1.932,3.795,4.727,0.983,3.988,1.960,3.110,2.024,4.196,2.630,4.891,4.721,3.228,1.308,3.982,0.068,1.228,3.185,3.305,2.155,2.465,2.671,1.236,0.851,2.715,2.334,1.511,4.789,3.294,1.394,1.376,2.699,1.059,1.527,3.926,4.783,0.623,4.910,1.036,2.067,2.402,0.677,0.886,2.540,
3.535,4.980,2.484,2.189,3.129,1.092,1.946,3.304,4.722,1.514,1.408,2.721,4.505,2.060,2.707,0.696,4.706,2.095,2.683,4.858,1.853,3.284,2.873,2.194,0.004,0.977,3.633,0.277,4.218,0.009,3.099,1.925,0.577,4.033,0.706,0.140,1.864,4.591,4.433,2.293,1.885,1.428,4.253,4.899,0.303,4.359,3.233,0.225,2.918,3.140,2.900,0.688,4.229,2.325,4.121,4.136,2.982,1.962,3.699,3.307,1.787,1.601,1.944,3.352,0.454,4.511,4.521,4.704,4.608,4.354,2.007,4.201,1.093,4.631,0.955,
3.901,3.334,2.874,0.382,3.008,0.948,0.674,2.154,4.540,3.715,4.183,4.495,1.754,3.924,0.343,4.048,1.261,2.932,0.589,4.393,1.851,4.737,2.681,1.925,0.967,1.330,2.631,4.534,3.449,4.055,4.715,3.792,4.684,3.539,0.565,1.765,4.218,4.302,1.714,3.013,2.301,2.757,4.827,3.667,4.862,3.963,3.792,0.791,2.585,1.487,3.529,1.780,4.011,3.487,2.050,3.812,4.697,3.642,0.901,4.524,3.265,4.032,3.973,2.114,4.836,3.204,0.637,0.660,2.467,0.192,2.979,4.055,2.690,4.878,
0.837,2.809,3.503,2.253,1.113,0.434,3.563,1.242,4.386,2.542,2.023,0.194,2.874,4.470,2.953,3.784,3.243,4.644,4.721,2.093,1.891,3.733,2.810,3.801,2.184,4.725,4.904,2.196,3.973,3.189,1.787,1.807,1.662,0.835,4.151,4.502,0.899,4.074,2.030,1.564,1.380,4.851,3.312,3.951,0.879,4.822,3.920,4.558,2.086,3.134,2.812,3.371,0.852,3.040,4.786,4.482,4.641,4.219,2.596,3.050,0.856,1.890,2.008,4.532,2.983,0.466,0.114,3.237,1.618,1.518,4.237,1.852,1.608,
1.272,0.573,3.109,2.288,2.197,1.796,1.746,1.095,2.651,0.439,1.960,2.125,3.891,1.854,1.713,4.817,2.729,4.415,3.759,2.712,1.453,4.369,1.213,4.336,1.675,1.918,4.380,1.543,4.701,0.790,4.026,0.618,0.523,2.985,3.546,0.472,0.936,1.872,3.955,1.640,4.327,4.413,1.077,2.181,3.772,2.029,3.240,4.255,0.505,3.579,2.767,2.761,1.795,1.134,4.670,2.747,0.437,0.105,2.022,1.823,2.611,2.281,1.624,0.446,4.137,4.018,3.803,1.342,0.026,1.068,2.426,2.952,
3.378,1.430,3.068,1.421,2.517,4.844,2.686,3.235,4.449,2.012,2.025,1.248,0.518,0.010,4.967,3.415,4.547,4.086,4.330,4.353,1.189,1.351,0.260,2.119,0.131,1.911,4.740,2.261,0.898,3.139,1.138,2.590,1.476,1.270,3.301,4.849,1.704,3.562,1.734,2.170,2.431,0.846,4.275,4.623,4.623,0.639,0.629,1.562,4.823,2.385,4.797,1.538,4.485,3.716,4.700,4.510,4.905,1.720,3.866,1.062,1.928,2.816,3.259,3.282,3.085,1.658,3.030,1.083,2.483,1.303,1.573,
2.247,2.328,3.292,0.698,2.644,3.325,3.926,2.615,3.049,1.881,4.810,2.686,1.094,3.612,4.568,4.105,3.959,3.431,0.294,2.079,0.759,0.375,3.028,4.852,2.498,2.595,4.493,2.830,4.133,3.798,0.599,4.624,3.879,3.489,2.713,0.477,2.362,2.036,4.320,4.446,2.112,0.187,0.174,2.742,2.024,3.101,0.148,1.637,2.466,1.789,1.447,1.487,4.132,4.996,0.729,2.109,0.652,0.114,1.791,2.868,3.931,2.274,2.452,4.482,3.595,1.532,3.149,1.496,1.569,4.077,
0.617,3.879,0.700,1.748,1.721,4.534,4.313,1.478,1.196,0.746,1.630,1.275,2.038,2.197,1.810,1.285,2.953,3.422,4.062,0.652,2.692,0.673,2.611,3.655,2.370,1.537,4.691,1.715,1.438,1.491,3.952,1.312,3.098,0.590,3.341,1.009,2.990,2.665,4.808,2.994,4.353,3.301,4.684,4.018,3.596,3.669,3.756,1.488,4.652,3.206,0.294,3.302,3.582,3.401,2.944,4.494,3.051,3.113,0.826,1.359,2.378,1.751,2.527,3.940,2.466,4.070,1.350,3.163,2.323,
3.025,0.160,3.606,1.344,2.340,0.858,3.226,0.287,3.792,4.964,0.339,4.878,4.724,1.456,2.278,0.754,4.510,3.623,4.687,0.272,2.356,2.844,4.265,4.199,3.009,0.718,2.032,4.009,0.398,4.174,3.592,4.646,0.261,0.134,0.043,0.218,1.714,0.953,4.880,2.941,4.509,3.706,2.087,0.556,1.427,4.979,0.264,4.369,0.234,4.663,1.306,4.128,3.082,4.872,0.850,4.987,3.992,2.121,4.512,4.493,4.456,4.221,4.750,2.613,0.533,1.120,2.114,2.874,
1.618,0.308,0.880,2.659,2.787,4.226,4.449,2.392,4.103,3.698,2.833,2.317,1.561,1.621,3.849,3.942,0.427,4.810,1.287,1.029,3.667,0.849,4.590,3.749,4.244,0.416,3.699,1.845,1.912,1.780,3.897,0.603,1.029,0.714,4.590,1.644,4.442,1.882,0.637,1.382,1.167,4.902,2.910,3.637,2.200,4.298,1.458,2.125,0.270,3.913,2.260,4.590,1.532,1.468,2.181,1.381,4.903,4.657,3.808,3.570,2.778,4.534,4.458,2.738,2.293,3.576,4.791,
3.057,0.693,4.726,3.093,4.240,2.619,0.213,3.290,3.845,2.873,4.555,1.485,2.484,0.813,1.890,4.077,3.050,0.991,0.866,3.698,1.160,2.286,2.352,0.605,4.159,0.913,3.084,2.585,3.150,0.195,3.630,3.201,4.024,1.143,4.664,1.554,1.921,1.213,2.191,2.725,0.069,2.561,3.142,4.209,2.189,4.024,1.686,2.237,0.161,4.708,2.563,2.937,1.794,4.928,1.767,0.100,2.307,3.275,4.398,0.809,1.612,3.993,1.943,4.987,2.635,0.960,
0.005,3.567,4.937,0.130,0.555,2.048,0.654,2.804,2.135,0.779,1.362,0.069,2.937,4.453,2.613,1.177,2.373,2.842,3.170,0.238,3.116,1.227,4.470,4.412,1.294,3.397,1.942,0.471,2.978,3.222,4.096,3.969,4.089,1.990,1.038,2.901,4.075,0.964,4.686,3.164,3.189,3.029,2.401,1.163,2.531,2.799,0.209,3.145,0.188,4.368,1.885,0.977,0.908,3.634,2.094,1.601,0.043,3.549,1.021,0.231,3.956,0.295,4.556,2.377,4.011,
2.832,3.843,4.748,0.368,2.705,2.414,4.330,1.207,3.217,0.782,2.773,1.176,1.110,2.748,1.555,2.553,1.943,4.402,1.068,0.825,0.603,0.976,4.489,1.554,1.495,0.339,0.090,1.632,2.540,0.278,4.414,3.233,0.690,2.651,3.062,4.093,1.005,1.147,4.330,0.467,0.698,3.644,0.622,0.295,0.090,2.487,4.814,1.747,0.486,0.548,3.812,4.466,0.120,1.676,2.567,1.160,2.872,2.224,1.716,4.204,1.608,4.051,0.527,3.032,
2.137,3.076,3.992,4.064,2.071,3.633,1.296,2.260,2.982,0.357,0.294,4.576,4.452,3.848,4.620,3.436,3.512,1.645,2.612,0.346,0.965,2.809,3.349,2.740,0.053,1.335,3.832,2.383,1.358,3.639,1.597,4.861,0.723,1.493,4.033,4.654,3.848,0.110,3.997,3.768,2.506,2.208,2.231,1.106,1.770,1.070,4.630,0.465,2.332,1.832,2.187,4.019,0.226,2.691,4.293,2.990,1.068,4.894,2.110,0.775,1.310,2.403,2.062,
0.704,1.644,2.201,1.134,2.489,1.545,0.642,0.189,3.852,0.300,2.119,2.443,2.691,1.215,2.820,2.838,0.262,3.854,1.947,1.373,3.073,4.005,3.156,3.139,2.479,0.232,2.920,0.049,1.092,2.007,3.346,4.081,1.643,0.304,4.705,0.445,4.632,3.067,4.525,2.351,4.282,0.486,1.006,1.753,1.979,1.140,3.311,0.650,2.900,3.519,0.098,3.574,0.935,2.427,4.482,2.678,4.054,0.586,1.562,2.977,1.655,4.724,
0.965,1.325,2.607,3.667,1.484,0.054,2.048,2.507,3.163,2.037,0.955,4.511,2.264,0.262,0.994,3.494,0.544,3.007,2.994,0.022,0.359,0.065,3.348,1.601,3.659,2.365,1.693,3.726,3.890,1.519,1.771,4.172,1.951,3.341,2.696,3.207,2.316,0.306,2.784,2.237,4.203,2.943,2.461,4.715,2.743,2.164,0.097,0.253,0.604,4.748,1.721,1.916,2.058,3.054,4.992,1.801,0.492,4.322,2.719,0.552,0.357,
4.054,3.092,2.390,0.247,1.904,3.105,0.453,1.027,1.167,1.564,3.381,2.811,3.917,4.348,1.152,3.249,4.586,3.285,4.354,1.803,0.416,3.193,1.164,4.145,2.969,4.492,4.365,3.761,3.552,2.853,3.213,0.444,2.143,2.553,3.180,1.042,4.674,3.555,0.540,4.192,1.916,4.699,1.100,2.812,2.651,3.968,0.271,3.610,1.810,4.610,2.372,0.219,4.134,4.052,1.637,4.046,2.077,3.144,3.364,2.732,
4.098,0.531,1.026,3.200,0.332,3.107,4.889,3.396,4.872,4.866,1.108,2.387,4.969,4.743,2.746,0.178,4.381,2.064,0.665,4.115,0.710,2.492,2.922,2.983,2.127,1.137,2.944,3.834,0.571,1.734,2.075,1.076,1.372,4.739,0.935,4.593,0.842,1.626,3.772,3.308,4.841,1.950,4.071,0.846,3.710,2.724,3.480,0.418,0.120,3.805,1.866,2.558,3.312,3.822,3.141,4.989,4.103,0.950,0.489,
2.714,0.588,4.411,3.746,3.493,3.063,4.505,0.693,2.268,2.303,3.029,0.148,0.686,4.633,3.879,3.129,4.335,1.973,4.674,2.872,2.750,4.031,1.268,2.064,2.588,2.808,4.902,2.224,0.901,4.686,1.240,0.179,4.546,2.576,1.173,2.920,3.716,3.828,4.486,0.554,1.179,2.749,3.079,2.442,3.605,0.901,4.941,2.545,0.357,1.588,3.632,3.378,2.125,3.866,1.127,0.990,1.286,2.718,
0.551,2.221,4.814,0.172,3.294,4.734,2.552,4.572,1.326,3.313,2.363,4.339,0.292,0.487,0.511,2.675,2.500,4.818,3.640,1.727,1.877,4.901,0.103,4.983,0.608,0.923,1.017,3.499,0.098,0.152,3.214,2.614,0.282,4.240,4.065,3.383,0.995,0.327,1.090,0.648,4.817,4.293,1.927,3.674,4.311,0.073,4.430,2.893,4.429,3.639,4.898,1.935,3.026,4.502,2.814,1.485,3.654,
0.393,1.533,3.571,2.451,0.633,3.062,1.286,4.354,0.705,0.309,2.326,0.338,0.687,1.098,0.677,1.894,3.056,3.809,0.132,0.461,2.891,2.042,1.524,2.891,3.612,3.748,4.219,4.229,0.601,2.342,4.527,1.376,0.122,2.704,4.001,1.272,3.708,1.690,0.363,3.885,4.194,3.373,2.144,4.079,3.011,1.043,1.620,0.289,1.056,0.592,1.017,3.772,2.061,4.306,0.691,1.971,
0.344,4.998,1.874,3.106,1.594,1.448,0.659,0.871,4.487,4.413,1.069,4.499,3.780,3.225,3.277,2.869,4.322,2.102,1.452,4.012,1.700,0.490,3.956,0.269,1.656,2.897,2.095,3.195,0.540,2.658,2.758,4.915,2.049,2.845,0.770,3.344,2.157,2.718,2.211,1.064,1.619,1.976,2.126,3.932,2.986,2.294,1.522,3.358,2.178,3.467,2.961,3.076,2.342,4.775,2.374,
0.816,4.533,0.076,0.984,3.509,2.308,3.237,2.251,4.207,0.080,3.163,3.225,4.616,4.844,0.601,4.690,4.940,2.090,4.625,4.239,2.486,0.705,1.524,0.904,1.086,1.630,1.259,1.649,0.523,2.278,1.041,4.312,1.606,0.932,4.494,1.089,1.678,3.131,0.028,1.698,0.609,2.984,4.847,3.365,1.513,1.687,4.538,2.227,4.142,2.003,0.175,1.804,1.259,4.497,
3.375,0.014,3.216,3.794,1.951,0.514,1.608,4.845,0.224,0.626,2.573,2.661,3.962,1.757,0.268,3.670,2.340,4.113,2.289,3.373,3.493,0.366,1.104,2.915,4.907,3.746,3.281,2.670,1.198,2.217,2.670,1.613,1.213,1.791,4.671,1.628,4.535,1.608,2.850,1.866,3.541,0.362,0.112,1.299,1.400,3.417,2.696,1.770,4.535,4.642,4.758,3.464,1.975,
3.884,4.963,4.049,2.663,0.138,4.421,2.135,4.705,4.069,0.793,2.453,3.989,4.953,1.348,1.713,0.117,4.900,3.161,3.638,2.006,2.740,1.316,1.388,1.464,0.677,0.062,0.456,0.744,2.326,0.588,3.671,0.457,2.077,0.180,0.924,1.234,3.289,3.919,1.717,2.813,2.813,3.839,1.326,1.511,3.606,1.290,1.072,4.466,2.501,0.559,3.445,0.994,
3.778,2.927,3.072,4.231,0.931,4.728,0.814,3.430,0.558,2.069,3.203,3.894,0.329,3.022,0.533,1.392,1.570,3.601,4.278,4.704,4.252,1.455,2.986,4.316,0.561,0.679,4.154,0.928,2.770,4.649,3.398,0.323,2.675,0.471,2.455,3.110,0.081,2.530,0.365,1.659,2.328,4.103,1.933,4.313,4.683,0.728,3.694,2.340,1.563,4.308,0.934,
3.854,3.994,1.263,3.586,2.781,1.827,4.529,1.872,0.893,0.210,3.323,1.973,2.881,0.599,0.967,2.702,2.546,4.368,2.060,3.691,3.551,4.845,3.948,1.929,3.988,2.234,2.073,3.149,2.502,1.868,3.975,2.295,2.459,0.583,3.548,1.405,2.337,1.945,3.028,4.142,3.081,0.226,1.711,2.721,0.005,4.484,1.705,0.484,1.338,2.754,
1.024,0.157,4.227,1.690,4.412,3.660,4.761,2.249,3.431,0.095,0.395,2.470,4.186,2.548,2.623,3.075,4.497,0.910,0.279,2.977,2.088,1.350,0.194,4.535,2.235,4.303,4.305,2.008,3.984,1.125,2.780,2.570,2.831,0.733,3.382,4.099,2.070,1.723,0.582,2.669,1.574,1.753,0.974,4.351,1.282,2.760,2.271,1.627,2.237,
0.280,0.388,0.398,2.917,3.108,0.402,1.133,4.833,2.969,1.248,3.408,1.819,1.774,1.328,0.839,2.190,4.533,4.594,0.989,3.551,1.522,4.579,4.309,3.052,4.187,1.819,3.418,3.996,4.031,4.043,4.049,0.043,4.788,0.468,2.738,4.790,2.763,2.642,2.195,2.621,2.221,4.305,1.951,3.346,3.934,3.449,2.320,4.509,
0.878,3.144,4.553,1.249,0.967,1.910,2.872,1.060,3.836,2.554,4.333,2.183,3.933,1.622,2.592,2.757,3.102,2.887,0.955,0.862,3.172,0.975,0.848,0.407,2.113,4.798,2.529,2.014,0.255,0.980,3.731,0.159,4.861,1.896,0.899,2.903,0.957,0.677,2.943,0.214,3.199,4.241,3.326,1.059,2.429,2.167,4.917,
0.205,4.764,3.524,4.539,3.299,2.422,1.709,3.109,4.952,0.809,3.368,3.300,4.961,4.853,0.080,3.206,3.111,2.591,3.880,1.646,3.014,0.540,2.571,4.538,0.911,4.411,0.957,1.417,1.273,4.480,2.224,4.219,4.243,4.057,1.720,0.806,1.509,2.044,0.520,0.940,1.298,0.360,3.627,3.270,1.707,0.785,
4.958,3.221,3.360,0.935,0.937,4.532,3.793,2.747,2.402,4.666,4.244,2.732,1.105,1.224,1.287,4.024,3.205,2.284,3.728,1.264,1.303,0.959,2.828,4.910,3.674,2.844,1.371,0.424,0.883,0.483,0.407,4.400,4.455,4.840,4.880,0.079,4.666,0.259,4.897,3.465,0.191,0.037,4.342,3.026,4.089,
2.213,4.993,3.776,1.506,1.383,1.930,4.331,3.352,1.757,4.055,0.582,3.857,3.852,4.189,4.602,1.470,4.903,3.963,1.727,4.526,1.174,0.192,4.594,4.824,4.477,1.791,2.386,3.370,0.221,4.830,1.185,2.240,3.782,4.923,4.832,3.697,2.558,5.000,1.539,0.915,1.427,4.645,4.846,1.803,
4.385,4.234,0.818,0.136,0.828,3.875,4.342,1.003,0.590,4.283,3.855,1.343,1.607,2.332,1.186,2.000,0.283,3.750,4.769,2.937,3.615,2.153,1.183,3.190,4.614,4.557,4.716,1.828,4.236,3.699,1.395,3.255,4.724,3.462,3.375,0.222,1.665,3.630,0.385,1.334,4.706,3.718,4.814,
0.473,4.514,3.601,2.566,0.872,1.729,2.882,3.619,2.527,2.650,0.795,1.555,0.548,2.978,1.311,3.140,2.438,3.789,3.393,2.226,3.219,3.104,0.747,1.059,0.990,3.165,4.961,1.671,0.959,1.647,0.072,4.109,4.372,2.668,0.251,2.701,1.343,3.382,0.165,0.693,3.394,3.969,
4.103,1.333,2.773,0.226,2.010,2.078,1.494,4.001,4.937,0.398,2.858,1.061,2.087,2.600,4.076,2.313,2.979,0.190,4.250,2.667,0.413,1.953,1.684,2.503,0.798,1.822,0.924,1.635,3.394,4.300,2.160,0.405,1.341,1.291,1.675,3.974,1.079,1.798,4.064,2.335,4.125,
3.517,2.643,1.632,4.569,3.323,0.618,3.088,2.341,4.337,2.770,3.746,1.776,1.752,4.613,4.014,0.763,4.510,2.803,3.057,1.654,4.002,1.945,3.068,0.904,2.686,3.015,3.272,1.979,2.554,1.895,3.358,1.806,4.720,1.125,3.727,1.292,3.805,0.769,3.367,0.023,
3.570,0.064,1.885,4.788,0.476,0.215,3.733,4.382,2.357,4.481,3.191,1.351,4.595,4.722,1.171,4.670,0.185,0.859,0.601,4.990,3.276,2.011,4.998,1.920,3.068,2.775,2.964,1.097,4.761,1.711,2.933,4.225,4.621,3.989,1.181,0.717,3.507,0.180,4.437,
1.529,0.740,2.700,2.458,4.066,3.114,1.247,2.091,4.179,1.767,4.072,3.807,0.463,2.102,1.226,3.338,1.561,1.972,0.158,4.316,2.633,3.293,3.271,4.531,3.901,3.387,0.090,2.883,2.944,0.731,0.604,1.845,2.175,4.362,1.008,3.632,4.172,2.357,
3.189,0.315,0.596,4.700,3.195,3.659,2.743,0.575,2.850,2.740,1.413,0.980,0.246,0.943,4.327,0.827,0.193,2.907,2.309,1.481,4.711,0.092,3.563,4.430,2.878,4.704,0.783,1.217,0.130,4.572,0.858,3.353,2.494,2.976,4.679,4.074,2.769,
3.204,1.332,1.699,4.411,0.426,4.772,3.603,4.696,3.847,4.120,0.141,0.510,2.151,4.161,1.872,1.801,3.028,3.987,2.038,2.396,3.827,2.490,4.889,1.121,3.785,3.020,2.323,4.359,2.536,2.299,0.347,3.935,4.405,4.862,3.265,3.569,
1.588,3.314,4.019,0.610,0.838,0.855,1.782,3.589,3.531,4.234,3.084,2.518,4.629,3.285,2.313,0.368,0.353,0.534,3.101,4.017,2.035,0.172,0.692,3.664,0.568,4.226,4.412,3.147,2.945,3.450,1.394,1.930,1.441,1.729,1.356,
4.181,2.687,0.603,3.951,3.196,4.878,0.209,4.139,4.508,3.438,0.414,4.244,4.024,1.523,3.541,0.454,0.234,1.323,1.657,0.764,3.375,2.720,1.644,3.611,4.947,3.584,4.553,0.357,3.540,0.940,3.703,2.247,4.776,0.206,
4.941,4.142,4.860,1.695,4.601,1.808,1.140,4.079,1.948,2.641,0.828,4.414,3.212,2.717,0.249,1.916,1.500,4.276,4.407,3.003,0.429,3.277,2.589,3.439,3.133,1.553,4.466,4.746,1.419,0.069,4.584,0.036,4.248,
1.020,3.447,3.773,3.545,1.062,1.540,3.965,0.708,1.424,3.885,3.760,4.242,3.952,1.794,4.752,0.703,4.363,2.790,0.354,2.207,3.075,0.867,2.846,1.049,1.086,4.353,0.206,3.283,0.308,1.323,1.125,1.563,
4.352,3.242,2.548,2.136,4.328,4.090,0.743,4.955,0.952,3.185,2.728,2.150,3.028,4.158,4.945,1.359,4.797,4.212,2.783,3.379,0.629,2.800,4.209,3.533,2.211,3.016,0.242,0.231,4.488,3.896,2.889,
1.210,0.633,1.104,2.204,2.368,1.895,2.100,3.610,4.675,4.098,2.259,0.297,2.899,1.865,4.192,4.316,3.542,0.351,3.920,0.503,4.344,2.752,4.412,0.432,2.919,0.077,0.275,2.866,1.017,1.566,
1.964,2.935,4.545,1.960,0.817,3.453,1.308,2.562,2.986,4.625,0.356,3.239,2.295,4.374,1.090,4.870,4.364,4.515,4.501,4.806,1.125,0.412,2.984,0.570,4.792,4.515,1.157,0.723,0.881,
0.982,2.662,0.413,4.000,4.227,3.263,1.071,0.769,4.544,1.685,0.213,4.722,3.870,3.780,1.522,4.294,0.918,4.625,2.491,4.573,2.248,4.300,0.520,0.590,2.882,3.978,4.560,0.054,
0.656,1.471,3.569,2.264,0.711,4.043,0.372,3.906,4.039,1.518,2.776,1.651,4.498,1.271,0.346,1.885,0.237,2.943,0.673,0.254,2.071,0.672,4.357,1.101,1.129,2.894,1.164,
4.548,4.391,3.473,1.356,3.102,0.111,0.445,4.913,0.539,1.388,3.611,2.082,4.237,3.664,0.984,4.543,1.950,0.618,2.689,2.336,4.895,1.045,3.278,3.713,2.270,1.919,
1.320,2.172,3.851,4.261,0.090,4.814,3.034,3.044,3.269,0.047,2.816,1.483,3.274,0.810,3.203,0.957,2.281,1.237,0.720,2.649,0.070,4.719,1.099,2.749,2.459,
0.581,0.751,1.540,2.304,3.790,4.453,4.813,0.749,0.654,2.896,3.590,4.951,3.498,0.281,2.066,0.118,1.899,4.008,2.501,3.535,1.480,1.445,0.707,2.366,
0.400,2.808,4.227,2.415,3.117,2.088,3.851,4.533,1.445,1.727,2.023,1.043,2.650,3.419,3.389,1.864,4.564,0.369,1.220,1.773,3.970,2.923,0.689,
4.343,4.158,3.827,1.149,0.065,2.816,2.820,4.395,2.862,0.863,0.071,3.028,3.988,2.758,3.443,2.215,2.851,3.894,2.199,1.417,3.250,1.262,
3.645,1.157,2.340,1.651,1.014,2.454,4.803,3.972,0.381,0.102,1.623,2.325,0.345,0.521,0.620,1.332,3.567,1.618,1.071,4.457,0.706,
0.515,0.406,4.004,4.504,0.046,3.334,2.863,4.226,1.606,0.295,1.235,1.161,4.585,2.818,0.798,2.609,1.142,2.601,2.137,0.956,
0.535,3.116,4.575,3.987,1.731,0.970,1.528,3.426,3.123,3.082,0.860,1.876,0.658,1.837,3.947,0.422,0.824,4.831,1.910,
0.534,1.646,0.474,2.738,4.556,4.499,2.225,2.375,4.192,3.604,3.624,3.804,0.346,4.879,3.789,2.341,2.329,3.807,
4.389,1.099,3.821,0.363,3.508,4.003,1.666,1.854,1.193,4.905,0.583,3.724,3.805,4.537,2.424,0.842,0.470,
0.483,2.103,0.422,2.841,1.842,2.689,0.548,3.770,3.606,2.711,4.099,3.523,2.024,3.123,3.671,0.057,
2.489,0.326,4.249,3.694,3.551,1.367,3.348,0.619,1.342,2.697,3.411,1.733,2.785,3.737,0.469,
0.431,4.107,3.842,3.668,3.171,3.379,0.913,3.347,3.882,3.172,3.707,2.582,3.613,2.729,
2.564,3.612,4.689,4.126,3.141,2.896,3.151,0.957,0.743,0.388,4.134,2.538,0.244,
2.520,4.703,0.966,3.281,4.099,4.361,4.066,1.714,2.489,1.536,4.115,2.687,
2.302,0.565,3.342,4.987,0.379,3.781,3.927,1.512,4.930,2.027,2.406,
1.431,3.015,3.221,3.122,1.661,4.843,4.579,3.575,1.405,2.327,
4.294,3.596,0.885,3.718,3.996,2.815,2.386,3.793,2.280,
1.486,3.701,4.281,2.258,2.374,4.962,0.812,3.250,
0.509,3.642,2.913,2.533,3.903,2.620,1.382,
4.464,1.868,3.542,3.974,0.943,3.139,
0.746,4.608,3.224,3.257,2.778,
0.761,1.128,4.133,2.209,
4.077,4.791,1.324,
3.614,0.104,
2.811,



