1.915,
1.726,2.066,
2.472,2.257,1.048,
4.602,2.783,2.943,4.768,
1.201,0.345,3.604,1.475,4.100,
3.545,3.298,0.344,2.916,0.100,4.469,
2.447,3.144,1.528,3.268,4.109,2.460,2.153,
2.629,4.616,2.843,2.832,2.196,3.548,2.887,0.131,
1.551,4.171,1.385,0.755,4.298,4.308,2.069,3.124,3.657,
0.593,4.212,3.573,0.504,0.134,0.238,2.821,4.936,4.251,0.366,
2.695,3.531,4.584,0.337,2.451,3.644,3.277,0.806,1.315,0.722,0.771,
0.344,1.673,3.676,2.801,0.365,1.505,1.784,0.797,1.038,2.863,2.270,1.741,
4.656,1.173,0.150,0.518,1.478,0.924,4.901,1.285,1.608,4.184,4.083,1.555,0.764,
0.535,4.662,4.260,2.086,1.399,4.626,4.639,4.832,4.065,4.649,3.542,2.496,1.508,1.572,
4.180,0.838,0.824,4.885,1.398,0.549,4.629,4.052,3.823,1.110,0.889,0.554,2.560,4.825,0.972,
2.025,4.753,0.339,1.622,4.520,2.754,3.852,2.167,2.839,3.767,0.629,4.569,3.684,1.240,4.649,3.499,
2.563,1.903,4.255,0.184,2.941,4.493,4.255,2.047,0.939,1.279,4.301,0.635,4.658,4.677,2.501,4.415,4.555,
0.079,0.669,4.745,1.095,0.000,4.883,1.887,3.698,1.008,0.674,1.835,2.467,0.697,4.754,4.693,0.044,3.227,0.468,
4.439,3.127,4.695,0.840,4.820,4.087,1.885,3.741,3.395,2.482,0.746,3.316,0.856,4.471,3.390,4.914,3.829,2.851,4.923,
4.088,4.856,1.201,4.002,0.918,3.682,4.590,1.842,2.205,0.379,3.399,3.093,4.908,1.161,4.575,1.651,3.050,2.272,3.880,0.277,
0.740,0.539,0.731,0.282,2.029,0.488,1.009,3.068,2.688,1.565,4.593,3.656,1.460,1.747,2.201,1.671,2.747,2.865,3.807,0.367,0.495,
3.418,4.804,2.354,0.564,0.022,3.516,2.832,3.037,1.415,0.177,0.804,4.852,1.505,4.277,0.545,3.008,4.881,1.394,4.934,4.492,2.726,2.570,
1.030,1.481,1.747,2.028,4.780,4.149,4.242,1.209,2.638,3.720,4.739,2.571,3.194,4.270,4.365,3.062,1.880,0.369,0.085,1.201,2.143,0.020,3.788,
0.394,3.742,1.943,0.942,0.649,1.830,4.138,2.594,1.338,0.110,0.152,0.558,4.722,2.155,1.919,1.245,3.759,0.681,4.822,2.375,1.090,4.812,1.160,1.503,
0.977,0.212,1.458,4.107,4.261,2.016,1.638,0.872,4.296,0.334,2.941,4.255,3.324,3.888,3.603,3.570,4.283,1.661,3.497,2.818,4.355,4.477,2.766,3.110,3.535,
3.132,1.041,0.500,1.852,4.772,3.783,2.854,4.704,3.583,1.152,0.762,4.491,4.608,1.452,4.231,3.998,4.511,2.643,1.171,4.180,2.883,1.589,2.290,4.621,4.980,3.901,
4.556,1.803,2.883,3.263,3.291,0.210,1.536,4.909,2.085,4.196,0.254,0.142,3.231,3.227,1.205,1.155,3.755,4.402,0.178,1.040,0.671,1.344,0.527,3.290,2.484,3.334,0.837,
3.696,4.257,0.274,3.709,2.089,0.016,1.575,0.322,1.331,0.766,2.758,4.929,1.623,3.639,1.976,2.040,2.581,4.279,0.541,4.068,0.706,2.717,2.355,0.468,2.189,2.874,2.809,1.272,
0.571,3.628,1.971,0.203,0.780,1.492,0.205,0.183,1.396,0.682,0.061,2.374,3.609,1.865,2.233,1.445,4.229,4.645,3.845,0.661,4.980,1.491,1.847,0.995,3.129,0.382,3.503,0.573,3.378,
3.514,3.249,3.193,0.307,1.142,0.141,4.421,3.637,1.171,4.938,1.947,1.038,0.434,4.158,2.534,4.888,0.238,0.102,3.010,2.854,3.654,2.769,1.948,4.865,1.092,3.008,2.253,3.109,1.430,2.247,
2.545,3.233,1.918,4.112,4.652,1.076,4.674,0.862,4.446,3.506,4.665,0.617,3.286,2.159,2.065,0.709,2.510,3.932,0.282,2.512,2.791,0.545,1.148,0.562,1.946,0.948,1.113,2.288,3.068,2.328,0.617,
1.525,3.943,3.994,0.805,3.578,4.514,0.668,0.652,1.549,0.434,1.334,2.897,1.222,1.957,3.588,3.983,3.280,3.514,3.995,4.618,2.882,1.366,4.609,4.729,3.304,0.674,0.434,2.197,1.421,3.292,3.879,3.025,
1.473,2.185,2.238,3.430,4.419,2.773,1.549,4.985,1.658,0.811,1.030,1.478,3.960,2.993,0.366,1.182,0.428,4.564,1.051,1.131,0.996,0.438,4.503,3.847,4.722,2.154,3.563,1.796,2.517,0.698,0.700,0.160,1.618,
2.815,0.742,0.753,1.402,2.117,0.883,3.029,4.811,0.743,3.871,1.825,3.866,0.729,1.590,2.545,1.980,3.162,0.970,0.858,3.085,2.268,1.599,4.941,2.037,1.514,4.540,1.242,1.746,4.844,2.644,1.748,3.606,0.308,3.057,
0.786,4.368,4.366,4.819,2.460,1.338,2.079,1.519,4.986,4.774,4.338,0.963,1.408,2.035,4.370,2.837,4.759,4.953,2.198,4.214,1.486,3.927,3.970,2.085,1.408,3.715,4.386,1.095,2.686,3.325,1.721,1.344,0.880,0.693,0.005,
1.702,4.344,1.623,0.662,4.355,4.996,4.591,4.442,3.511,1.306,0.279,4.671,4.268,1.087,3.846,1.371,0.131,0.063,0.896,3.105,0.795,1.538,3.078,0.765,2.721,4.183,2.542,2.651,3.235,3.926,4.534,2.340,2.659,4.726,3.567,2.832,
4.425,4.412,0.761,4.724,3.797,3.512,2.259,3.596,4.802,0.806,2.868,3.188,2.206,0.337,2.182,0.126,4.007,1.569,1.641,4.099,3.896,0.569,1.346,1.192,4.505,4.495,2.023,0.439,4.449,2.615,4.313,0.858,2.787,3.093,4.937,3.843,2.137,
4.763,2.596,1.098,2.884,0.341,4.102,0.964,4.884,4.688,1.861,4.042,4.921,2.589,1.635,3.548,4.415,2.527,2.210,3.295,4.266,0.770,1.640,1.086,4.581,2.060,1.754,0.194,1.960,2.012,3.049,1.478,3.226,4.226,4.240,0.130,4.748,3.076,0.704,
3.139,3.289,4.863,1.139,2.692,1.963,0.307,4.723,4.250,2.675,4.451,0.320,0.835,2.908,2.489,4.154,1.606,0.126,3.542,0.958,3.265,3.515,1.941,4.262,2.707,3.924,2.874,2.125,2.025,1.881,1.196,0.287,4.449,2.619,0.555,0.368,3.992,1.644,0.965,
3.174,2.626,1.425,2.963,3.637,4.135,4.772,2.905,2.320,4.925,0.752,4.807,4.554,3.681,0.054,3.027,1.019,1.623,1.501,2.588,3.390,2.912,1.227,2.256,0.696,0.343,4.470,3.891,1.248,4.810,0.746,3.792,2.392,0.213,2.048,2.705,4.064,2.201,1.325,4.054,
4.128,4.619,1.255,4.339,4.882,1.971,3.766,2.392,3.758,4.113,3.001,3.770,1.788,0.072,1.677,1.592,1.729,0.599,1.824,0.885,0.073,2.105,0.537,4.765,4.706,4.048,2.953,1.854,0.518,2.686,1.630,4.964,4.103,3.290,0.654,2.414,2.071,1.134,2.607,3.092,4.098,
4.351,2.468,2.884,0.834,4.643,3.438,0.819,3.903,4.423,4.718,3.829,4.976,1.641,1.984,0.182,4.662,3.816,2.945,2.472,3.835,0.270,3.188,4.794,3.089,2.095,1.261,3.784,1.713,0.010,1.094,1.275,0.339,3.698,3.845,2.804,4.330,3.633,2.489,3.667,2.390,0.531,2.714,
0.297,2.993,1.437,2.191,2.336,4.457,2.632,3.540,0.305,2.100,4.240,1.408,4.001,2.185,3.258,1.659,3.967,0.898,3.208,0.975,0.188,4.652,4.299,1.491,2.683,2.932,3.243,4.817,4.967,3.612,2.038,4.878,2.833,2.873,2.135,1.207,1.296,1.545,1.484,0.247,1.026,0.588,0.551,
4.875,3.709,4.361,1.351,3.965,0.679,2.157,3.264,2.417,4.133,3.303,4.229,1.028,0.147,3.849,3.408,1.146,1.264,3.870,2.436,3.334,3.548,3.263,0.340,4.858,0.589,4.644,2.729,3.415,4.568,2.197,4.724,2.317,4.555,0.779,3.217,2.260,0.642,0.054,1.904,3.200,4.411,2.221,0.393,
1.420,2.779,2.375,4.641,1.908,0.304,4.202,3.910,4.200,2.022,1.548,4.034,0.009,1.264,4.944,3.086,0.542,2.115,3.181,2.027,0.082,1.382,4.708,0.848,1.853,4.393,4.721,4.415,4.547,4.105,1.810,1.456,1.561,1.485,1.362,0.782,2.982,0.189,2.048,3.105,0.332,3.746,4.814,1.533,0.344,
3.243,0.064,4.904,4.139,3.299,1.327,4.614,0.111,1.255,4.945,3.324,4.643,3.867,4.530,2.450,2.305,1.765,1.717,2.277,0.306,0.098,4.287,2.403,1.577,3.284,1.851,2.093,3.759,4.086,3.959,1.285,2.278,1.621,2.484,0.069,2.773,0.357,3.852,2.507,0.453,3.107,3.493,0.172,3.571,4.998,0.816,
3.793,0.559,1.676,0.614,3.878,2.815,2.330,1.612,4.278,3.764,1.769,1.748,4.424,1.848,4.819,4.409,3.997,2.295,1.079,4.865,2.281,4.644,3.143,3.616,2.873,4.737,1.891,2.712,4.330,3.431,2.953,0.754,3.849,0.813,2.937,1.176,0.294,0.300,3.163,1.027,4.889,3.063,3.294,2.451,1.874,4.533,3.375,
2.177,3.355,2.589,0.128,0.250,2.020,1.575,0.897,4.821,3.811,3.568,4.296,3.161,3.353,3.902,3.103,4.217,2.296,1.782,0.113,0.752,3.732,4.418,0.450,2.194,2.681,3.733,1.453,4.353,0.294,3.422,4.510,3.942,1.890,4.453,1.110,4.576,2.119,2.037,1.167,3.396,4.505,4.734,0.633,3.106,0.076,0.014,3.884,
3.989,3.040,1.849,2.200,1.216,3.823,3.557,3.499,4.734,1.880,0.046,1.914,3.173,3.926,1.965,4.336,4.598,0.296,1.453,1.724,2.559,3.757,0.413,1.768,0.004,1.925,2.810,4.369,1.189,2.079,4.062,3.623,0.427,4.077,2.613,2.748,4.452,2.443,0.955,1.564,4.872,0.693,2.552,3.062,1.594,0.984,3.216,4.963,3.778,
0.573,3.175,2.023,4.699,1.119,3.247,1.505,4.542,3.091,3.028,0.229,2.210,2.511,2.213,1.129,1.735,0.971,0.517,2.987,2.277,4.958,2.922,2.725,3.810,0.977,0.967,3.801,1.213,1.351,0.759,0.652,4.687,4.810,3.050,1.177,1.555,3.848,2.691,4.511,3.381,4.866,2.268,4.572,1.286,1.448,3.509,3.794,4.049,2.927,3.854,
2.824,4.794,3.119,1.504,0.946,2.988,2.775,0.075,3.170,4.163,4.316,0.732,3.117,2.503,1.537,0.310,3.677,2.063,4.868,4.180,3.990,3.000,4.178,0.174,3.633,1.330,2.184,4.336,0.260,0.375,2.692,0.272,1.287,0.991,2.373,2.553,4.620,1.215,2.264,2.811,1.108,2.303,1.326,4.354,0.659,2.308,1.951,2.663,3.072,3.994,1.024,
4.996,4.822,3.950,3.733,3.605,1.550,0.490,0.183,1.542,2.285,3.421,3.671,2.354,0.150,0.385,0.499,2.756,0.743,2.255,1.779,2.266,3.492,4.000,4.380,0.277,2.631,4.725,1.675,2.119,3.028,0.673,2.356,1.029,0.866,2.842,1.943,3.436,2.820,0.262,3.917,2.387,3.029,3.313,0.705,0.871,3.237,0.514,0.138,4.231,1.263,0.157,0.280,
3.613,0.792,3.928,0.249,4.587,1.258,1.557,0.827,2.519,1.706,3.766,0.871,2.165,0.096,0.446,2.669,1.326,2.780,0.288,1.612,4.591,2.384,4.315,4.533,4.218,4.534,4.904,1.918,0.131,4.852,2.611,2.844,3.667,3.698,3.170,4.402,3.512,2.838,0.994,4.348,4.969,0.148,2.363,0.309,4.487,2.251,1.608,4.421,0.931,3.586,4.227,0.388,0.878,
3.584,1.206,3.529,1.114,2.056,4.178,3.557,3.104,4.692,0.570,3.996,2.510,2.009,2.233,3.790,3.674,0.932,0.012,1.562,3.720,2.875,4.863,4.650,4.442,0.009,3.449,2.196,4.380,1.911,2.498,3.655,4.265,0.849,1.160,0.238,1.068,1.645,0.262,3.494,1.152,4.743,0.686,4.339,2.326,4.413,4.207,4.845,2.135,4.728,2.781,1.690,0.398,3.144,0.205,
4.893,3.110,0.810,1.949,0.812,4.607,1.690,4.647,4.142,3.826,3.398,4.840,1.385,2.961,4.257,2.555,2.246,1.622,1.267,3.355,3.569,2.022,2.683,1.030,3.099,4.055,3.973,1.543,4.740,2.595,2.370,4.199,4.590,2.286,3.116,0.825,2.612,3.854,0.544,3.249,2.746,4.633,0.292,0.338,1.069,0.080,0.224,4.705,0.814,1.827,4.412,2.917,4.553,4.764,4.958,
0.327,0.812,1.742,2.167,2.963,2.666,0.787,3.842,2.724,0.374,4.805,4.378,2.067,3.314,4.069,1.361,1.405,3.240,1.908,2.376,4.660,4.920,1.547,1.932,1.925,4.715,3.189,4.701,2.261,4.493,1.537,3.009,3.749,2.352,1.227,0.603,0.346,1.947,3.007,4.586,0.178,3.879,0.487,0.687,4.499,3.163,0.626,4.069,3.430,4.529,3.660,3.108,1.249,3.524,3.221,2.213,
4.444,4.238,4.548,2.260,1.231,1.158,4.940,1.879,3.447,3.122,3.035,2.926,0.299,4.547,2.290,1.022,4.512,0.911,2.817,4.531,0.453,1.368,3.528,3.795,0.577,3.792,1.787,0.790,0.898,2.830,4.691,0.718,4.244,0.605,4.470,0.976,0.965,1.373,2.994,3.285,4.381,3.129,0.511,1.098,3.780,3.225,2.573,0.793,0.558,1.872,4.761,0.402,0.967,4.539,3.360,4.993,4.385,
0.316,4.078,4.105,3.832,0.988,4.279,1.266,2.597,3.986,1.110,1.372,0.675,0.594,1.219,1.177,2.939,3.487,0.329,0.534,2.898,3.792,2.164,4.379,4.727,4.033,4.684,1.807,4.026,3.139,4.133,1.715,2.032,0.416,4.159,4.412,4.489,2.809,3.073,0.022,4.354,2.064,4.335,2.675,0.677,3.225,4.616,2.661,2.453,2.069,0.893,2.249,1.133,1.910,3.299,0.935,3.776,4.234,0.473,
3.575,3.414,0.558,1.703,4.366,2.227,3.599,2.609,2.817,1.224,0.722,1.166,1.782,1.236,0.721,0.309,4.674,4.410,3.956,3.709,1.891,4.189,1.218,0.983,0.706,3.539,1.662,0.618,1.138,3.798,1.438,4.009,3.699,0.913,1.294,1.554,3.349,4.005,0.359,1.803,0.665,1.973,2.500,1.894,3.277,4.844,3.962,3.989,3.203,0.210,3.431,4.833,2.872,2.422,0.937,1.506,0.818,4.514,4.103,
4.948,3.701,4.687,4.953,0.253,1.253,1.134,1.630,0.634,3.623,3.805,0.705,4.372,4.425,1.801,1.213,4.349,2.604,2.850,0.140,0.763,3.242,4.672,3.988,0.140,0.565,0.835,0.523,2.590,0.599,1.491,0.398,1.845,3.084,3.397,1.495,2.740,3.156,0.065,0.416,4.115,4.674,4.818,3.056,2.869,0.601,1.757,4.953,3.894,3.323,0.095,2.969,1.060,1.709,4.532,1.383,0.136,3.601,1.333,3.517,
3.388,3.775,2.670,0.507,4.185,2.799,3.533,2.148,0.217,4.729,0.467,1.703,3.790,0.189,0.331,2.482,4.256,1.511,2.261,1.135,4.119,1.269,0.744,1.960,1.864,1.765,4.151,2.985,1.476,4.624,3.952,4.174,1.912,2.585,1.942,0.339,0.053,3.139,3.348,3.193,0.710,2.872,3.640,3.809,4.322,4.690,0.268,1.348,0.329,1.973,0.395,1.248,3.836,3.109,3.793,1.930,0.828,2.566,2.773,2.643,3.570,
2.171,3.593,3.998,0.307,2.645,3.171,3.303,3.810,3.635,1.157,2.725,3.674,3.383,4.597,1.319,1.711,0.483,4.560,2.772,0.276,1.743,0.133,4.879,3.110,4.591,4.218,4.502,3.546,1.270,3.879,1.312,3.592,1.780,3.150,0.471,0.090,1.335,2.479,1.601,1.164,2.492,2.750,1.727,0.132,2.102,4.940,3.670,1.713,3.022,2.881,2.470,3.408,2.554,4.952,2.747,4.331,3.875,0.872,0.226,1.632,0.064,1.529,
4.068,2.905,1.750,2.607,2.153,4.146,0.459,1.018,4.454,1.524,3.386,1.457,1.618,1.422,3.023,2.314,1.111,3.036,2.508,0.118,4.634,1.121,1.013,2.024,4.433,4.302,0.899,0.472,3.301,3.489,3.098,4.646,3.897,0.195,2.978,1.632,3.832,0.232,3.659,4.145,2.922,4.031,1.877,0.461,1.452,2.090,2.340,0.117,0.533,0.599,4.186,1.819,4.333,0.809,2.402,3.352,4.342,1.729,2.010,4.569,1.885,0.740,3.189,
0.171,0.991,4.180,3.051,0.830,2.472,2.176,4.349,4.418,1.078,4.085,4.739,0.704,2.841,3.101,1.362,2.293,4.928,0.423,2.465,2.151,0.528,1.995,4.196,2.293,1.714,4.074,0.936,4.849,2.713,0.590,0.261,0.603,3.630,3.222,2.540,2.383,2.920,2.365,2.969,2.983,1.268,4.901,2.891,4.012,4.625,4.113,4.900,1.392,0.967,2.548,1.774,2.183,3.368,4.666,1.757,1.003,2.882,2.078,3.323,4.788,2.700,0.315,3.204,
1.161,2.056,0.712,2.349,4.487,3.356,1.527,0.400,3.422,3.180,2.100,1.081,3.272,0.355,3.435,2.106,3.671,2.886,2.751,0.123,4.651,1.359,4.519,2.630,1.885,3.013,2.030,1.872,1.704,0.477,3.341,0.134,1.029,3.201,4.096,0.278,1.358,0.049,1.693,4.492,2.127,2.064,0.103,2.042,1.700,4.239,2.289,3.161,1.570,2.702,2.623,1.328,3.933,3.300,4.244,4.055,0.590,3.619,1.494,0.618,0.476,2.458,0.596,1.332,1.588,
3.447,0.591,4.193,3.934,0.619,4.620,1.470,3.766,4.842,2.612,2.102,2.483,1.610,2.913,3.565,4.737,0.484,3.091,1.144,0.535,4.970,0.189,4.565,4.891,1.428,2.301,1.564,3.955,3.562,2.362,1.009,0.043,0.714,4.024,3.969,4.414,3.639,1.092,3.726,4.365,1.137,2.588,4.983,1.524,0.490,2.486,3.373,3.638,3.601,2.546,3.075,0.839,1.622,4.961,2.732,0.582,4.283,2.527,4.001,3.088,0.215,4.066,4.700,1.699,3.314,4.181,
2.949,3.371,2.186,0.916,1.139,3.166,1.198,4.062,3.163,4.077,1.616,1.221,2.139,0.495,0.919,4.121,3.044,1.601,2.981,4.575,2.526,1.053,4.661,4.721,4.253,2.757,1.380,1.640,1.734,2.036,2.990,0.218,4.590,1.143,4.089,3.233,1.597,2.007,3.890,3.761,2.944,2.808,0.608,2.891,3.956,0.705,3.493,2.006,4.278,4.368,4.497,2.190,2.592,4.853,1.105,3.857,3.855,2.650,4.937,2.341,3.733,3.114,3.195,4.411,4.019,2.687,4.941,
4.314,2.044,0.213,0.469,0.961,0.116,4.891,4.678,4.808,4.563,4.495,1.478,3.869,4.976,4.442,4.268,2.058,0.823,4.141,3.397,4.978,2.797,2.810,3.228,4.899,4.827,4.851,4.327,2.170,4.320,2.665,1.714,1.644,4.664,1.990,0.690,4.861,3.346,1.519,3.552,3.834,4.902,0.923,3.612,0.269,1.524,0.366,2.740,4.704,2.060,0.910,4.533,2.757,0.080,1.224,3.852,1.343,0.795,0.398,4.337,4.382,1.247,3.659,0.426,0.610,0.603,4.142,1.020,
3.265,4.513,1.469,0.496,1.280,2.630,0.907,2.418,0.405,0.731,2.653,1.330,3.807,2.091,2.321,4.884,2.332,3.619,2.355,3.980,3.124,2.213,4.006,1.308,0.303,3.667,3.312,4.413,2.431,4.446,4.808,0.953,4.442,1.554,1.038,2.651,0.723,4.081,1.771,2.853,0.571,2.224,1.017,3.748,1.656,0.904,1.104,1.316,4.252,3.691,0.279,4.594,3.102,3.206,1.287,4.189,1.607,1.555,2.858,2.770,2.357,2.091,2.743,4.772,0.838,3.951,4.860,3.447,4.352,
3.161,2.504,4.716,1.249,1.811,2.033,0.907,4.375,0.355,4.910,1.384,0.030,0.786,4.196,1.744,4.529,2.228,1.421,1.055,4.243,4.310,1.467,2.310,3.982,4.359,4.862,3.951,1.077,0.846,2.112,2.994,4.880,1.882,1.921,2.901,3.062,1.493,1.643,4.172,3.213,1.734,0.901,3.499,4.219,2.897,1.086,2.915,1.388,1.455,3.551,2.977,0.989,2.887,3.111,4.024,4.602,2.332,0.548,1.061,3.746,4.481,4.179,0.575,3.603,0.855,3.196,1.695,3.773,3.242,1.210,
0.644,1.248,3.094,3.126,4.635,3.758,2.513,3.034,3.224,4.579,0.169,2.917,4.423,2.639,3.314,4.648,4.750,3.286,3.719,2.950,0.938,0.564,2.080,0.068,3.233,3.963,0.879,2.181,4.275,0.187,4.353,2.941,0.637,1.213,4.075,4.093,4.033,0.304,1.951,0.444,2.075,4.686,0.098,4.229,2.095,1.630,4.907,1.464,2.986,4.845,2.088,3.551,0.955,2.591,3.205,1.470,1.186,2.978,2.087,1.776,3.191,1.767,2.850,4.696,1.782,4.878,4.601,3.545,2.548,0.633,1.964,
3.896,0.799,2.333,4.750,0.227,2.893,0.085,0.227,0.162,1.267,4.360,4.296,0.987,3.475,0.849,0.173,1.701,3.940,2.528,4.972,1.038,1.473,2.735,1.228,0.225,3.792,4.822,3.772,4.623,0.174,3.301,4.509,1.382,2.191,0.964,1.005,4.654,4.705,3.341,2.143,1.076,1.240,0.152,0.601,3.195,1.259,3.746,0.677,4.316,3.948,1.350,1.522,0.862,3.880,2.284,4.903,2.000,1.311,2.600,1.752,1.351,4.072,2.740,3.847,3.589,0.209,1.808,1.062,2.136,1.104,2.935,0.982,
1.327,3.481,1.123,4.195,4.527,1.355,1.190,1.489,4.729,2.940,4.555,4.221,3.763,1.930,1.931,3.794,3.837,3.183,0.378,1.902,2.270,2.096,4.271,3.185,2.918,0.791,3.920,2.029,4.623,2.742,4.684,3.706,1.167,2.725,4.686,1.147,3.848,0.445,2.696,2.553,1.372,0.179,3.214,2.342,0.540,1.649,3.281,0.062,0.561,1.929,0.194,4.579,3.172,1.646,3.728,3.963,0.283,3.140,4.076,4.613,4.595,3.807,1.413,4.120,3.531,4.139,1.140,1.540,4.328,2.204,4.545,2.662,0.656,
4.336,0.178,0.788,4.020,4.714,0.669,0.890,0.304,3.437,1.677,3.784,4.330,4.265,2.253,2.715,4.580,0.456,1.262,3.840,4.954,4.656,3.280,2.387,3.305,3.140,2.585,4.558,3.240,0.639,2.024,4.018,2.087,4.902,0.069,3.164,4.330,0.110,4.632,3.207,3.180,4.739,4.546,2.614,4.527,2.658,0.523,2.670,0.456,0.679,3.988,4.535,4.309,0.975,3.014,1.264,1.727,3.750,2.438,2.313,4.014,4.722,0.463,0.980,0.141,4.234,4.508,4.079,3.965,4.090,2.368,1.960,0.413,1.471,4.548,
3.233,4.223,1.616,3.913,3.737,3.798,2.520,1.231,1.157,2.472,0.288,0.078,3.839,3.083,0.905,3.349,3.837,1.631,1.562,1.555,3.055,4.730,1.629,2.155,2.900,1.487,2.086,4.255,0.629,3.101,3.596,0.556,2.910,2.561,3.189,0.467,3.997,3.067,2.316,1.042,0.935,2.576,0.282,1.376,2.758,2.278,1.198,0.744,4.154,2.234,2.235,3.052,0.848,0.540,1.303,4.526,4.769,3.789,2.979,0.763,1.171,2.102,0.246,0.510,3.084,3.438,1.948,0.708,0.743,1.895,0.817,4.000,3.569,4.391,1.320,
0.924,1.499,1.584,1.385,2.747,1.401,4.305,4.319,0.826,1.909,2.457,2.832,3.651,4.008,3.867,0.686,1.495,3.346,1.236,3.800,1.005,4.847,0.861,2.465,0.688,3.529,3.134,0.505,1.562,0.148,3.669,1.427,3.637,3.142,3.029,0.698,3.768,4.525,0.306,4.674,4.593,1.173,4.240,0.122,4.915,1.041,2.217,2.326,0.928,2.073,4.303,4.187,0.407,2.571,0.959,1.174,2.937,3.393,0.190,4.510,4.670,1.226,0.943,2.151,2.518,0.414,2.641,1.424,4.955,2.100,3.453,4.227,2.264,3.473,2.172,0.581,
4.709,3.932,2.074,0.188,4.087,4.307,2.520,2.771,3.662,4.877,1.280,0.983,2.302,0.474,2.726,2.121,1.180,3.164,3.558,1.694,2.419,4.206,2.813,2.671,4.229,1.780,2.812,3.579,4.823,1.637,3.756,4.979,2.200,4.209,2.401,3.644,2.506,2.351,2.784,3.555,0.842,2.920,4.065,2.704,2.049,4.312,2.670,0.588,2.770,3.149,4.305,1.819,2.113,4.538,2.828,0.192,3.615,2.226,4.250,2.803,0.185,3.338,4.327,4.161,4.629,4.244,0.828,3.885,0.952,3.610,1.308,3.263,0.711,1.356,3.851,0.751,0.400,
4.875,0.329,0.088,0.454,0.950,2.287,2.106,1.207,3.946,4.931,1.676,4.259,0.564,4.024,1.368,1.265,4.275,1.541,1.552,2.909,1.950,2.995,1.154,1.236,2.325,4.011,3.371,2.767,2.385,2.466,1.488,0.264,4.298,2.189,1.163,0.622,2.208,4.282,2.237,0.540,1.626,3.716,3.383,4.001,2.845,1.606,1.613,3.671,4.649,2.502,2.008,3.418,4.798,0.911,4.910,4.594,2.153,3.219,2.667,3.057,0.859,1.561,0.827,1.872,3.285,4.024,4.414,3.760,3.185,4.675,2.562,1.071,4.043,3.102,4.261,1.540,2.808,4.343,
1.370,4.203,2.832,0.706,0.716,4.357,1.888,0.478,0.326,1.139,2.618,2.970,1.543,3.193,4.095,0.687,1.961,3.242,2.841,4.590,3.265,1.149,3.225,0.851,4.121,3.487,0.852,2.761,4.797,1.789,4.652,4.369,1.458,4.024,2.531,0.295,2.231,0.486,4.203,4.192,3.772,3.828,0.995,1.272,0.770,0.932,1.213,0.457,3.398,1.868,3.984,3.996,2.529,4.411,3.674,4.824,1.183,3.104,0.413,1.654,0.601,1.972,0.193,1.801,2.313,1.523,3.212,4.242,2.728,4.098,2.986,0.769,0.372,0.111,0.090,2.304,4.227,4.158,3.645,
4.784,1.650,0.732,0.429,3.733,0.563,2.259,1.575,4.088,4.892,0.431,2.081,2.831,4.064,4.813,0.368,1.886,0.866,4.838,1.478,1.402,1.340,3.932,2.715,4.136,2.050,3.040,1.795,1.538,1.447,3.206,0.234,2.125,1.686,2.799,0.090,1.106,1.006,2.943,1.916,3.308,4.486,0.327,3.708,3.344,4.494,1.791,2.077,0.323,3.975,1.125,4.031,2.014,0.957,2.844,4.477,3.190,0.747,1.953,4.002,4.990,0.158,2.907,3.028,0.368,3.541,2.717,3.952,2.150,2.259,4.625,4.544,3.906,0.445,4.814,3.790,2.415,3.827,1.157,0.515,
1.977,3.186,2.784,1.600,2.901,0.640,3.191,4.710,1.921,4.704,4.161,2.376,0.451,1.206,1.819,3.404,2.469,3.472,4.647,2.586,4.724,4.195,2.264,2.334,2.982,3.812,4.786,1.134,4.485,1.487,0.294,4.663,0.270,2.237,0.209,2.487,1.770,1.753,2.461,4.699,4.841,0.554,1.090,1.690,2.157,1.089,4.671,0.180,2.675,2.295,2.780,4.043,0.255,1.417,1.371,1.791,4.614,1.059,1.684,1.945,3.276,4.316,2.309,3.987,0.353,0.454,0.249,1.794,3.028,0.297,0.356,1.685,4.039,4.913,3.034,4.453,3.117,1.149,2.340,0.406,0.535,
3.365,0.887,2.714,3.663,4.263,3.814,1.861,0.403,1.750,3.668,3.030,2.820,3.734,1.141,1.749,4.658,0.514,3.330,1.324,3.718,1.280,2.027,0.272,1.511,1.962,4.697,4.482,4.670,3.716,4.132,3.302,1.306,3.913,0.161,3.145,4.814,1.070,1.979,4.715,1.100,1.950,1.179,0.648,0.363,2.718,1.678,1.628,0.924,0.471,2.459,2.570,4.049,0.980,1.273,0.424,2.386,4.557,0.990,2.503,3.068,2.011,2.633,1.481,2.038,0.534,0.234,1.916,4.752,4.158,2.899,3.239,0.213,1.518,0.539,3.044,4.813,2.088,0.065,1.651,4.004,3.116,0.534,
2.588,2.416,4.384,0.149,3.592,3.043,3.856,4.904,0.522,4.046,3.669,0.170,3.711,4.213,1.112,0.338,3.033,3.641,4.516,1.882,3.762,1.039,0.814,4.789,3.699,3.642,4.641,2.747,4.700,4.996,3.582,4.128,2.260,4.708,0.188,1.747,4.630,1.140,2.743,2.812,4.071,2.749,4.817,3.885,2.211,3.131,4.535,1.234,2.455,0.583,2.831,0.043,3.731,4.480,0.883,3.370,4.716,3.165,0.798,0.904,4.998,3.293,4.711,2.396,3.101,1.323,1.500,0.703,4.945,1.865,2.295,4.722,2.776,1.388,3.269,0.749,3.851,2.816,1.014,4.504,4.575,1.646,4.389,
4.249,4.817,0.053,2.216,3.336,0.204,1.820,0.458,1.852,3.278,1.644,2.601,3.309,1.310,3.227,1.300,1.977,4.978,1.221,3.551,4.675,3.788,4.352,3.294,3.307,0.901,4.219,0.437,4.510,0.729,3.401,3.082,4.590,2.563,4.368,0.486,0.465,3.311,2.164,2.651,0.846,3.079,4.293,4.194,1.064,0.028,1.608,3.289,3.110,3.548,0.733,4.788,0.159,2.224,0.483,0.221,1.828,4.961,1.822,2.686,1.920,3.271,0.092,3.827,4.017,1.657,4.276,4.363,1.359,4.192,4.374,3.870,1.651,3.611,0.047,0.654,4.533,2.820,2.454,0.046,3.987,0.474,1.099,0.483,
3.010,3.277,1.860,1.621,0.801,3.836,2.013,3.308,3.057,3.491,3.765,3.221,0.569,4.569,2.814,0.283,0.025,4.965,2.374,2.163,1.573,4.038,2.411,1.394,1.787,4.524,2.596,0.105,4.905,2.109,2.944,4.872,1.532,2.937,1.885,0.548,2.332,0.650,0.097,3.968,3.710,2.442,1.927,3.373,1.619,1.698,2.850,3.919,0.081,1.405,3.382,0.468,4.861,4.219,0.407,4.830,4.236,1.671,0.924,3.015,3.068,4.531,3.563,2.490,2.035,0.764,4.407,2.790,4.797,4.316,1.090,3.780,4.498,2.082,2.816,2.896,1.445,4.395,4.803,3.334,1.731,2.738,3.821,2.103,2.489,
4.339,1.406,4.243,3.962,2.567,3.347,3.185,0.677,2.012,1.415,2.603,4.975,4.243,0.923,3.497,2.048,3.416,4.960,1.531,0.910,0.939,3.233,2.046,1.376,1.601,3.265,3.050,2.022,1.720,0.652,4.494,0.850,1.468,1.794,0.977,3.812,1.832,2.900,0.253,0.271,2.724,3.605,3.674,2.144,1.976,0.609,1.866,1.717,2.530,2.337,4.099,2.738,1.896,4.243,4.400,1.185,3.699,0.959,1.635,3.272,2.775,3.901,4.430,4.889,0.172,3.375,3.003,0.354,4.212,3.542,4.870,1.522,1.271,4.237,1.483,3.590,1.727,2.862,3.972,2.863,0.970,4.556,0.363,0.422,0.326,0.431,
4.142,4.763,1.428,1.538,4.825,0.575,1.639,2.739,3.289,2.677,4.075,2.446,0.242,1.367,1.495,3.518,3.234,3.873,1.080,3.160,4.361,0.123,0.965,2.699,1.944,4.032,0.856,1.823,3.866,0.114,3.051,4.987,2.181,4.928,0.908,4.466,2.187,3.519,0.604,3.610,3.480,0.901,4.311,4.079,2.126,2.984,3.541,2.813,0.365,1.945,2.070,4.790,0.899,4.057,4.455,2.240,1.395,1.647,3.394,1.979,2.964,3.387,2.878,1.121,0.692,2.720,0.429,2.207,2.783,0.351,4.364,4.294,0.346,3.664,3.274,4.951,2.023,0.863,0.381,4.226,1.528,4.499,3.508,2.841,4.249,4.107,2.564,
1.487,4.528,0.183,0.309,1.643,3.421,2.332,4.270,2.777,2.965,2.025,1.483,3.951,2.989,4.286,2.568,4.476,4.864,1.089,2.105,1.645,0.146,3.253,1.059,3.352,3.973,1.890,2.611,1.062,1.791,3.113,3.992,1.381,1.767,3.634,0.120,4.019,0.098,4.748,1.810,0.418,4.941,0.073,3.011,3.932,4.847,0.362,2.813,1.659,3.028,1.723,2.763,2.903,1.720,4.840,3.782,3.255,0.072,4.300,2.554,1.097,0.090,4.704,3.785,3.664,1.644,3.277,3.075,3.379,3.920,4.515,0.918,1.885,0.984,0.810,3.498,1.043,0.071,0.102,1.606,3.426,2.225,4.003,1.842,3.694,3.842,3.612,2.520,
2.118,2.571,1.731,0.863,1.847,2.668,4.561,1.403,4.712,2.157,1.185,0.042,2.015,1.513,0.529,4.605,0.653,1.505,3.308,0.166,4.400,0.108,1.066,1.527,0.454,2.114,2.008,2.281,1.928,2.868,0.826,2.121,4.903,0.100,2.094,1.676,0.226,3.574,1.721,4.610,0.120,2.545,4.430,1.043,2.986,3.365,0.112,3.839,2.328,4.142,0.582,2.642,0.957,0.806,4.880,4.923,4.724,4.109,2.160,1.895,4.761,2.883,0.783,3.020,0.568,3.611,2.589,0.867,0.629,0.503,4.501,4.625,0.237,4.543,3.203,0.281,2.650,3.028,1.623,0.295,3.123,2.375,1.666,2.689,3.551,3.668,4.689,4.703,2.302,
2.455,0.253,4.925,3.950,3.614,0.827,0.706,1.208,2.089,3.028,4.658,2.334,1.697,2.862,4.953,1.867,1.145,0.796,4.348,1.058,1.797,1.959,3.997,3.926,4.511,4.836,4.532,1.624,2.816,3.931,1.359,4.512,4.657,2.307,1.601,2.567,2.691,0.935,1.916,2.372,3.805,0.357,2.893,1.620,2.294,1.513,1.299,1.326,4.103,3.081,2.669,2.195,0.677,1.509,0.079,4.832,3.462,4.372,0.405,3.358,1.711,2.944,1.217,2.323,4.226,4.947,3.439,2.846,2.800,4.344,4.806,2.491,2.943,1.950,0.957,2.066,3.419,3.988,2.325,1.235,3.082,4.192,1.854,0.548,1.367,3.171,4.126,0.966,0.565,1.431,
1.057,4.951,4.718,1.664,2.059,1.445,4.928,0.098,2.269,2.348,0.884,0.140,3.001,0.204,0.523,2.141,4.470,1.931,1.097,4.084,0.367,2.619,2.610,4.783,4.521,3.204,2.983,0.446,3.259,2.274,2.378,4.493,3.808,3.275,0.043,1.160,4.293,2.427,2.058,0.219,1.866,1.588,4.429,0.289,1.522,1.687,1.400,1.511,1.933,0.226,1.574,2.621,2.943,2.044,4.666,3.697,3.375,2.668,1.341,1.806,2.933,0.731,0.130,4.359,4.412,3.584,3.133,1.049,4.209,2.752,1.125,4.573,0.673,0.618,2.281,0.118,3.389,2.758,0.345,1.161,0.860,3.604,1.193,3.770,3.348,3.379,3.141,3.281,3.342,3.015,4.294,
1.359,4.017,2.079,1.095,0.272,4.214,4.448,0.829,4.743,4.504,1.626,0.010,2.580,2.865,4.774,3.434,2.850,3.750,0.776,2.510,2.236,1.341,2.877,0.623,4.704,0.637,0.466,4.137,3.282,2.452,1.751,4.456,3.570,4.398,3.549,2.872,2.990,4.482,3.054,4.134,2.558,3.632,3.639,1.056,3.358,4.538,3.417,3.606,4.313,1.711,1.753,2.221,0.214,0.520,0.259,2.558,0.222,0.251,1.291,4.720,4.225,0.604,4.572,2.536,3.147,4.553,1.553,1.086,3.533,4.412,0.412,2.248,0.254,2.689,1.237,1.899,1.864,3.443,0.521,4.585,1.876,3.624,4.905,3.606,0.619,0.913,2.896,4.099,4.987,3.221,3.596,1.486,
2.440,1.018,1.844,1.652,3.679,0.312,3.216,4.227,1.040,3.635,2.192,1.109,2.994,4.755,1.943,2.558,1.542,2.895,0.416,2.449,3.765,4.750,1.544,4.910,4.608,0.660,0.114,4.018,3.085,4.482,2.527,4.221,2.778,0.809,1.021,2.224,1.068,2.678,4.992,4.052,3.312,3.378,4.898,0.592,2.178,2.227,2.696,1.290,4.683,2.721,0.974,4.305,3.199,0.940,4.897,5.000,1.665,2.701,1.675,1.125,4.621,1.845,0.858,2.299,2.945,0.357,4.466,4.353,2.211,0.432,2.984,4.300,2.071,2.336,0.720,4.008,4.564,2.215,0.620,2.818,0.658,3.804,0.583,2.711,1.342,3.347,3.151,4.361,0.379,3.122,0.885,3.701,0.509,
2.073,2.484,4.536,0.709,0.728,3.020,0.595,1.188,0.155,3.032,4.706,4.055,4.317,0.391,3.267,1.392,4.101,3.783,2.495,0.899,2.218,0.425,2.878,1.036,4.354,2.467,3.237,3.803,1.658,3.595,3.940,4.750,4.534,1.612,0.231,1.716,4.894,4.054,1.801,1.637,3.822,2.125,1.935,1.017,3.467,4.142,1.770,1.072,0.728,0.005,4.351,1.951,4.241,1.298,3.465,1.539,3.630,1.343,3.974,3.727,3.989,2.175,3.353,0.347,3.450,3.540,4.746,0.206,3.016,2.919,0.570,0.520,0.672,4.895,2.649,2.501,0.369,2.851,1.332,0.798,1.837,0.346,3.724,4.099,2.697,3.882,0.957,4.066,3.781,1.661,3.718,4.281,3.642,4.464,
1.612,1.850,0.169,3.567,3.813,3.031,2.066,4.724,2.541,2.185,3.143,3.825,3.283,2.077,1.710,0.043,3.039,3.943,0.989,2.954,0.234,3.831,2.939,2.067,2.007,0.192,1.618,1.342,3.030,1.532,2.466,2.613,4.458,3.993,3.956,4.204,2.110,0.586,0.492,4.046,3.141,3.866,3.026,3.772,2.961,2.003,4.535,4.466,3.694,4.484,1.282,3.346,3.326,0.360,0.191,0.915,0.385,3.382,1.079,1.292,1.181,4.362,2.494,3.935,1.394,0.940,1.419,3.283,0.242,0.077,4.792,0.590,4.357,1.045,0.070,3.535,1.220,3.894,3.567,2.609,3.947,4.879,3.805,3.523,3.411,3.172,0.743,1.714,3.927,4.843,3.996,2.258,2.913,1.868,0.746,
1.666,2.601,1.420,4.656,4.349,0.328,4.370,2.365,1.187,2.262,4.223,4.595,3.715,1.118,4.621,3.023,0.458,0.731,0.757,4.048,3.170,2.958,4.895,2.402,4.201,2.979,1.518,0.026,1.083,3.149,4.070,0.533,2.738,1.943,0.295,1.608,0.775,1.562,4.322,2.077,4.989,1.127,4.502,2.061,3.076,0.175,4.642,2.501,2.340,1.705,2.760,3.934,1.059,3.627,0.037,1.427,1.334,0.165,1.798,3.805,0.717,1.008,2.976,4.405,1.930,3.703,0.069,0.308,0.231,0.275,4.515,2.882,1.101,3.278,4.719,1.480,1.773,2.199,1.618,1.142,0.422,3.789,4.537,2.024,1.733,3.707,0.388,2.489,1.512,4.579,2.815,2.374,2.533,3.542,4.608,0.761,
3.298,0.418,1.529,4.843,1.918,0.959,2.461,1.903,4.275,3.756,2.005,2.000,4.663,3.794,4.578,3.042,1.198,2.428,2.898,2.109,2.462,1.167,2.718,0.677,1.093,4.055,4.237,1.068,2.483,1.496,1.350,1.120,2.293,4.987,4.556,4.051,1.310,2.977,2.719,3.144,4.103,0.990,2.814,4.306,2.342,1.804,4.758,0.559,1.563,0.484,2.271,3.449,2.429,3.270,4.342,4.645,4.706,0.693,4.064,0.769,3.507,3.632,4.679,4.862,1.441,2.247,4.584,1.323,4.488,2.866,1.157,3.978,1.129,3.713,1.099,1.445,3.970,1.417,1.071,2.601,0.824,2.341,2.424,3.123,2.785,2.582,4.134,1.536,4.930,3.575,2.386,4.962,3.903,3.974,3.224,1.128,4.077,
3.463,1.866,1.519,4.321,2.154,3.021,3.082,2.732,2.690,4.919,0.043,2.998,0.765,0.280,1.898,1.871,1.237,4.752,0.802,0.365,4.306,3.722,0.528,0.886,4.631,2.690,1.852,2.426,1.303,1.569,3.163,2.114,3.576,2.635,2.377,0.527,2.403,1.655,0.552,3.364,0.950,1.286,1.485,0.691,4.775,1.259,3.464,3.445,4.308,1.338,1.627,2.320,2.167,1.707,3.026,4.846,3.718,3.394,2.335,3.367,0.180,4.172,4.074,3.265,1.729,4.776,0.036,1.125,3.896,1.017,0.723,4.560,2.894,2.270,2.749,0.707,2.923,3.250,4.457,2.137,4.831,2.329,0.842,3.671,3.737,3.613,2.538,4.115,2.027,1.405,3.793,0.812,2.620,0.943,3.257,4.133,4.791,3.614,
4.460,1.113,2.988,4.693,1.228,4.705,4.268,4.590,1.911,2.668,4.386,3.028,0.815,0.358,4.461,0.071,0.349,4.948,0.195,1.242,0.046,2.350,1.230,2.540,0.955,4.878,1.608,2.952,1.573,4.077,2.323,2.874,4.791,0.960,4.011,3.032,2.062,4.724,0.357,2.732,0.489,2.718,3.654,1.971,2.374,4.497,1.975,0.994,0.934,2.754,2.237,4.509,4.917,0.785,4.089,1.803,4.814,3.969,4.125,0.023,4.437,2.357,2.769,3.569,1.356,0.206,4.248,1.563,2.889,1.566,0.881,0.054,1.164,1.919,2.459,2.366,0.689,1.262,0.706,0.956,1.910,3.807,0.470,0.057,0.469,2.729,0.244,2.687,2.406,2.327,2.280,3.250,1.382,3.139,2.778,2.209,1.324,0.104,2.811,
